<?xml version="1.0" encoding="UTF-8" standalone="no"?>
<!-- Created with Inkscape (http://www.inkscape.org/) -->

<svg
   width="210mm"
   height="297mm"
   viewBox="0 0 210 297"
   version="1.1"
   id="svg1"
   inkscape:version="1.3.1 (9b9bdc1480, 2023-11-25, custom)"
   sodipodi:docname="imperfect_circle"
   inkscape:export-filename="imperfect_circle.svg"
   inkscape:export-xdpi="96"
   inkscape:export-ydpi="96"
   xmlns:inkscape="http://www.inkscape.org/namespaces/inkscape"
   xmlns:sodipodi="http://sodipodi.sourceforge.net/DTD/sodipodi-0.dtd"
   xmlns="http://www.w3.org/2000/svg"
   xmlns:svg="http://www.w3.org/2000/svg">
  <sodipodi:namedview
     id="namedview1"
     pagecolor="#ffffff"
     bordercolor="#000000"
     borderopacity="0.25"
     inkscape:showpageshadow="2"
     inkscape:pageopacity="0.0"
     inkscape:pagecheckerboard="0"
     inkscape:deskcolor="#d1d1d1"
     inkscape:document-units="mm"
     inkscape:zoom="0.72693603"
     inkscape:cx="396.87124"
     inkscape:cy="561.25984"
     inkscape:window-width="1850"
     inkscape:window-height="1016"
     inkscape:window-x="70"
     inkscape:window-y="27"
     inkscape:window-maximized="1"
     inkscape:current-layer="layer1" />
  <defs
     id="defs1" />
  <g
     inkscape:label="Layer 1"
     inkscape:groupmode="layer"
     id="layer1">
    <path
       style="fill:none;stroke-width:2;stroke:#000000;stroke-opacity:1;stroke-dasharray:none"
       d="m 109.48641,64.058722 c -1.00911,-0.492836 -2.30029,-1.517509 -3.47849,-1.711499 -0.72379,-0.119171 -1.48098,0.142113 -2.20062,0 -4.918386,-0.971264 -9.848211,0.129061 -14.411313,2.067719 -1.737257,0.738081 -0.746295,0.01114 -2.756948,0.783111 -1.688142,0.648147 -4.053364,1.664517 -5.545198,2.783395 -0.549048,0.411784 -0.918766,1.02865 -1.455883,1.455883 -0.959612,0.763297 -2.176616,1.162727 -3.12656,1.938025 -0.212471,0.173408 -0.166812,0.547233 -0.363972,0.73787 -0.508632,0.491808 -1.203303,0.765093 -1.705668,1.263301 -0.510609,0.506386 -0.832334,1.175684 -1.302419,1.719898 -0.963502,1.11543 -1.995049,2.143408 -2.929559,3.27149 -0.881923,1.064602 -1.202312,2.308294 -1.926307,3.46713 -1.531059,2.450629 -3.11694,4.852773 -3.799412,7.744004 -0.545999,2.313083 -0.762558,8.966031 -0.373877,11.387931 0.04325,0.26951 0.29074,0.4706 0.363971,0.73355 0.370512,1.33044 0.241565,2.50623 0.739537,3.76499 0.201131,0.50841 0.626946,0.93083 0.733539,1.46709 0.07169,0.36066 -0.07345,0.74284 0,1.10315 0.551161,2.70383 2.334419,5.11187 3.71757,7.42519 0.776476,1.29865 1.284492,2.82026 2.189422,4.02683 1.871927,2.49591 5.81437,5.94925 8.432393,7.69459 1.74749,1.165 4.48162,1.41045 6.26714,2.59354 0.284268,0.18835 0.417235,0.57319 0.723387,0.72338 0.224798,0.11028 0.505616,-0.0489 0.751178,0 0.735814,-0.0845 1.193202,0.57409 1.831094,0.73357 0.571011,0.14275 1.237806,-0.11829 1.815277,0 2.865313,0.58693 5.83537,0.37558 8.770478,0.37558 2.33824,0 12.10913,0.45529 13.47498,0 0.61747,-0.20582 1.23732,-0.17202 1.81074,-0.36397 0.16271,-0.0545 0.24265,-0.24264 0.36398,-0.36397 0.23961,-0.11981 0.46459,-0.27504 0.71885,-0.35943 0.78645,-0.26106 1.77471,-0.1768 2.56843,-0.37388 0.91481,-0.22716 1.79855,-0.95639 2.5478,-1.45589 0.8183,-0.54553 1.7042,-0.44744 2.53868,-0.72794 0.76603,-0.25749 1.45837,-1.09315 2.17472,-1.45132 1.45595,-0.72798 2.44516,-2.75293 3.27118,-3.99456 0.3583,-0.53858 1.16388,-0.881 1.45133,-1.45589 0.0542,-0.10851 0,-0.24264 0,-0.36397 0.12132,-0.24264 0.21348,-0.50221 0.36397,-0.72794 1.04879,-1.57319 1.19438,-1.77245 1.81072,-3.62145 0.17158,-0.51474 0.59635,-0.92951 0.72794,-1.45588 0.0588,-0.23541 -0.0767,-0.49775 0,-0.72795 0.0543,-0.16277 0.30971,-0.20119 0.36397,-0.36397 0.25288,-0.75863 0.10776,-1.77914 0.36397,-2.54779 0.0543,-0.16278 0.30971,-0.2012 0.36397,-0.36397 0.40563,-1.21689 0,-5.73605 0,-7.25971 0,-1.3495 0.38915,-4.287691 0,-5.435387 -0.30102,-0.887804 -0.90433,-1.964293 -1.0828,-2.87079 -0.0722,-0.366554 0.11927,-0.766731 0,-1.12077 -0.14517,-0.4309 -0.59796,-0.708107 -0.75935,-1.133197 -0.68998,-1.817256 -0.69647,-3.804785 -1.14541,-5.600546 -0.42773,-1.71091 -1.5816,-2.873891 -2.1892,-4.392885 -0.92626,-2.315652 -2.12127,-4.907391 -3.64964,-6.94521 -0.57822,-0.770972 -1.26752,-1.35305 -1.81529,-2.174713 -0.30097,-0.451451 -0.42698,-1.004432 -0.72794,-1.455883 -0.14974,-0.224597 -0.60329,-0.122232 -0.72339,-0.363971 -0.1073,-0.215948 0.0765,-0.494734 0,-0.723398 -0.24497,-0.73185 -1.16663,-0.521517 -1.45133,-1.087347 -0.0654,-0.129874 -1.49929,-2.291482 -1.74146,-2.413326 -0.19233,-0.09677 -0.8565,-0.189949 -0.9777,-0.348308 -0.0703,-0.09179 0.0822,-0.265512 0,-0.346789 -0.71508,-0.707041 -0.81407,-0.05373 -1.4149,-0.363969 -1.3e-4,-6.9e-5 -0.71871,-0.718788 -0.71885,-0.718833 -0.23039,-0.07615 -0.49775,0.07673 -0.72794,0 -0.16278,-0.05426 -0.2107,-0.286853 -0.36397,-0.363972 -0.21405,-0.107696 -0.50452,0.107154 -0.71884,0 -0.5107,-0.255344 -0.74722,-0.494188 -1.36438,-0.706191 -2.08351,-0.715727 -1.24081,0.87177 -4.3016,-1.004753 z"
       id="path1" />
  </g>
</svg>
